terrainbento_nyaraska_watershed/relief__10m_gauss5_nyaraska_1.asc
NCOLS 214
NROWS 325
XLLCORNER 597190.0000000000
YLLCORNER 262350.0000000000
CELLSIZE 10.000000
NODATA_VALUE -99999.0000
[rows 52 to 77 of 325, columns 57 to 113 of 214]
179.7403 180.6544 181.6733 182.7757 183.9484 185.1591 186.3743 187.5513 188.6563 189.6438 190.4918 191.1741 191.6829 192.0297 192.2629 192.4312 -99999.0000 -99999.0000 -99999.0000 -99999.0000 -99999.0000 -99999.0000 -99999.0000 -99999.0000 -99999.0000 -99999.0000 -99999.0000 -99999.0000 -99999.0000 -99999.0000 -99999.0000 -99999.0000 -99999.0000 -99999.0000 -99999.0000 -99999.0000 -99999.0000 -99999.0000 -99999.0000 -99999.0000 -99999.0000 -99999.0000 -99999.0000 -99999.0000 -99999.0000 -99999.0000 -99999.0000 -99999.0000 -99999.0000 -99999.0000 -99999.0000 -99999.0000 -99999.0000 -99999.0000 -99999.0000 -99999.0000 -99999.0000
179.8220 180.8245 181.9328 183.1361 184.4079 185.7225 187.0331 188.3110 189.5182 190.6031 191.5626 192.3513 192.9707 193.4270 193.7543 193.9978 194.2290 -99999.0000 -99999.0000 -99999.0000 -99999.0000 -99999.0000 -99999.0000 -99999.0000 -99999.0000 -99999.0000 -99999.0000 -99999.0000 -99999.0000 -99999.0000 -99999.0000 -99999.0000 -99999.0000 -99999.0000 -99999.0000 -99999.0000 -99999.0000 -99999.0000 -99999.0000 -99999.0000 -99999.0000 -99999.0000 -99999.0000 -99999.0000 -99999.0000 -99999.0000 -99999.0000 -99999.0000 -99999.0000 -99999.0000 -99999.0000 -99999.0000 -99999.0000 -99999.0000 -99999.0000 -99999.0000 -99999.0000
180.1094 181.1906 182.3704 183.6471 184.9868 186.3814 187.7791 189.1481 190.4380 191.6241 192.6719 193.5611 194.2751 194.8296 195.2490 195.5853 195.8913 196.2730 -99999.0000 -99999.0000 -99999.0000 -99999.0000 -99999.0000 -99999.0000 -99999.0000 -99999.0000 -99999.0000 -99999.0000 -99999.0000 -99999.0000 -99999.0000 -99999.0000 -99999.0000 -99999.0000 -99999.0000 -99999.0000 -99999.0000 -99999.0000 -99999.0000 -99999.0000 -99999.0000 -99999.0000 -99999.0000 -99999.0000 -99999.0000 -99999.0000 -99999.0000 -99999.0000 -99999.0000 -99999.0000 -99999.0000 -99999.0000 -99999.0000 -99999.0000 -99999.0000 -99999.0000 -99999.0000
180.6720 181.8009 183.0254 184.3369 185.7177 187.1586 188.6346 190.0913 191.4722 192.7327 193.8457 194.7956 195.5725 196.2020 196.7171 197.1529 197.5667 198.0439 198.6254 -99999.0000 -99999.0000 -99999.0000 -99999.0000 -99999.0000 -99999.0000 -99999.0000 -99999.0000 -99999.0000 -99999.0000 -99999.0000 -99999.0000 -99999.0000 -99999.0000 -99999.0000 -99999.0000 -99999.0000 -99999.0000 -99999.0000 -99999.0000 -99999.0000 -99999.0000 -99999.0000 -99999.0000 -99999.0000 -99999.0000 -99999.0000 -99999.0000 -99999.0000 -99999.0000 -99999.0000 -99999.0000 -99999.0000 -99999.0000 -99999.0000 -99999.0000 -99999.0000 -99999.0000
181.5330 182.6866 183.9050 185.1920 186.5596 188.0334 189.5738 191.1129 192.5751 193.9037 195.0663 196.0390 196.8353 197.5114 198.1000 198.6399 199.2022 199.8241 200.5457 201.4312 -99999.0000 -99999.0000 -99999.0000 -99999.0000 -99999.0000 -99999.0000 -99999.0000 -99999.0000 -99999.0000 -99999.0000 -99999.0000 -99999.0000 -99999.0000 -99999.0000 -99999.0000 -99999.0000 -99999.0000 -99999.0000 -99999.0000 -99999.0000 -99999.0000 -99999.0000 -99999.0000 -99999.0000 -99999.0000 -99999.0000 -99999.0000 -99999.0000 -99999.0000 -99999.0000 -99999.0000 -99999.0000 -99999.0000 -99999.0000 -99999.0000 -99999.0000 -99999.0000
182.6726 183.8102 184.9670 186.1887 187.5123 188.9812 190.5579 192.1767 193.7254 195.1093 196.2924 197.2650 198.0590 198.7455 199.3885 200.0462 200.7478 201.5558 202.4802 203.5670 204.8470 -99999.0000 -99999.0000 -99999.0000 -99999.0000 -99999.0000 -99999.0000 -99999.0000 -99999.0000 -99999.0000 -99999.0000 -99999.0000 -99999.0000 -99999.0000 -99999.0000 -99999.0000 -99999.0000 -99999.0000 -99999.0000 -99999.0000 -99999.0000 -99999.0000 -99999.0000 -99999.0000 -99999.0000 -99999.0000 -99999.0000 -99999.0000 -99999.0000 -99999.0000 -99999.0000 -99999.0000 -99999.0000 -99999.0000 -99999.0000 -99999.0000 -99999.0000
184.0256 185.1064 186.1674 187.2832 188.5260 189.9640 191.5667 193.2485 194.8631 196.3013 197.5065 198.4588 199.2277 199.9098 200.5920 201.3479 202.2013 203.2228 204.3787 205.7138 207.1962 208.7838 -99999.0000 -99999.0000 -99999.0000 -99999.0000 -99999.0000 -99999.0000 -99999.0000 -99999.0000 -99999.0000 -99999.0000 -99999.0000 -99999.0000 -99999.0000 -99999.0000 -99999.0000 -99999.0000 -99999.0000 -99999.0000 -99999.0000 -99999.0000 -99999.0000 -99999.0000 -99999.0000 -99999.0000 -99999.0000 -99999.0000 -99999.0000 -99999.0000 -99999.0000 -99999.0000 -99999.0000 -99999.0000 -99999.0000 -99999.0000 -99999.0000
185.4956 186.5118 187.4406 188.4175 189.5683 190.9492 192.5523 194.2765 195.9468 197.4316 198.6508 199.5946 200.3521 201.0231 201.7338 202.5665 203.5701 204.8059 206.2269 207.8074 209.5027 211.2417 212.9046 -99999.0000 -99999.0000 -99999.0000 -99999.0000 -99999.0000 -99999.0000 -99999.0000 -99999.0000 -99999.0000 -99999.0000 -99999.0000 -99999.0000 -99999.0000 -99999.0000 -99999.0000 -99999.0000 -99999.0000 -99999.0000 -99999.0000 -99999.0000 -99999.0000 -99999.0000 -99999.0000 -99999.0000 -99999.0000 -99999.0000 -99999.0000 -99999.0000 -99999.0000 -99999.0000 -99999.0000 -99999.0000 -99999.0000 -99999.0000
186.9509 187.8909 188.7107 189.5555 190.5935 191.9057 193.4832 195.2130 196.9189 198.4406 199.6813 200.6480 201.4108 202.1044 202.8468 203.7461 204.8866 206.2977 207.9502 209.7671 211.6742 213.5662 215.3075 216.8060 -99999.0000 -99999.0000 -99999.0000 -99999.0000 -99999.0000 -99999.0000 -99999.0000 -99999.0000 -99999.0000 -99999.0000 -99999.0000 -99999.0000 -99999.0000 -99999.0000 -99999.0000 -99999.0000 -99999.0000 -99999.0000 -99999.0000 -99999.0000 -99999.0000 -99999.0000 -99999.0000 -99999.0000 -99999.0000 -99999.0000 -99999.0000 -99999.0000 -99999.0000 -99999.0000 -99999.0000 -99999.0000 -99999.0000
188.2776 189.1750 189.9028 190.6408 191.5786 192.8190 194.3481 196.0567 197.7686 199.3162 200.5971 201.6288 202.4280 203.1553 203.9373 204.9011 206.1407 207.6939 209.5355 211.5562 213.6405 215.6910 217.5395 219.0960 220.2915 -99999.0000 -99999.0000 -99999.0000 -99999.0000 -99999.0000 -99999.0000 -99999.0000 -99999.0000 -99999.0000 -99999.0000 -99999.0000 -99999.0000 -99999.0000 -99999.0000 -99999.0000 -99999.0000 -99999.0000 -99999.0000 -99999.0000 -99999.0000 -99999.0000 -99999.0000 -99999.0000 -99999.0000 -99999.0000 -99999.0000 -99999.0000 -99999.0000 -99999.0000 -99999.0000 -99999.0000 -99999.0000
189.4020 190.2891 190.9692 191.6453 192.5201 193.6892 195.1564 196.8128 198.5021 200.0728 201.4246 202.5198 203.4077 204.2011 205.0383 206.0465 207.3508 209.0014 210.9687 213.1534 215.4049 217.5777 219.5234 221.1600 222.4268 223.3303 -99999.0000 -99999.0000 -99999.0000 -99999.0000 -99999.0000 -99999.0000 -99999.0000 -99999.0000 -99999.0000 -99999.0000 -99999.0000 -99999.0000 -99999.0000 -99999.0000 -99999.0000 -99999.0000 -99999.0000 -99999.0000 -99999.0000 -99999.0000 -99999.0000 -99999.0000 -99999.0000 -99999.0000 -99999.0000 -99999.0000 -99999.0000 -99999.0000 -99999.0000 -99999.0000 -99999.0000
190.2931 191.2071 191.8985 192.5587 193.3979 194.5098 195.8948 197.4933 199.1534 200.7496 202.1712 203.3765 204.3766 205.2507 206.1542 207.2200 208.5560 210.2518 212.2949 214.5810 216.9532 219.2361 221.2781 222.9836 224.3325 225.3192 225.9667 -99999.0000 -99999.0000 -99999.0000 -99999.0000 -99999.0000 -99999.0000 -99999.0000 -99999.0000 -99999.0000 -99999.0000 -99999.0000 -99999.0000 -99999.0000 -99999.0000 -99999.0000 -99999.0000 -99999.0000 -99999.0000 -99999.0000 -99999.0000 -99999.0000 -99999.0000 -99999.0000 -99999.0000 -99999.0000 -99999.0000 -99999.0000 -99999.0000 -99999.0000 -99999.0000
190.9709 191.9282 192.6593 193.3507 194.1819 195.2574 196.5876 198.1319 199.7841 201.4129 202.9213 204.2381 205.3544 206.3345 207.2966 208.3940 209.7511 211.4717 213.5416 215.8745 218.3187 220.6772 222.7857 224.5668 225.9846 227.0388 227.7749 228.2189 -99999.0000 -99999.0000 -99999.0000 -99999.0000 -99999.0000 -99999.0000 -99999.0000 -99999.0000 -99999.0000 -99999.0000 -99999.0000 -99999.0000 -99999.0000 -99999.0000 -99999.0000 -99999.0000 -99999.0000 -99999.0000 -99999.0000 -99999.0000 -99999.0000 -99999.0000 -99999.0000 -99999.0000 -99999.0000 -99999.0000 -99999.0000 -99999.0000 -99999.0000
191.4432 192.4659 193.2644 194.0185 194.8752 195.9311 197.2350 198.7585 200.4312 202.1151 203.7100 205.1512 206.3691 207.4475 208.4682 209.5850 210.9430 212.6408 214.7064 217.0472 219.4929 221.8885 224.0552 225.9059 227.3775 228.5047 229.3192 229.8475 230.1556 -99999.0000 -99999.0000 -99999.0000 -99999.0000 -99999.0000 -99999.0000 -99999.0000 -99999.0000 -99999.0000 -99999.0000 -99999.0000 -99999.0000 -99999.0000 -99999.0000 -99999.0000 -99999.0000 -99999.0000 -99999.0000 -99999.0000 -99999.0000 -99999.0000 -99999.0000 -99999.0000 -99999.0000 -99999.0000 -99999.0000 -99999.0000 -99999.0000
191.7543 192.8343 193.7143 194.5378 195.4330 196.5103 197.8367 199.3831 201.1123 202.8797 204.5736 206.1158 207.4373 208.5816 209.6430 210.7613 212.1171 213.7829 215.7997 218.0831 220.5062 222.8971 225.0891 226.9776 228.5116 229.7044 230.5970 231.2124 231.5982 231.8364 -99999.0000 -99999.0000 -99999.0000 -99999.0000 -99999.0000 -99999.0000 -99999.0000 -99999.0000 -99999.0000 -99999.0000 -99999.0000 -99999.0000 -99999.0000 -99999.0000 -99999.0000 -99999.0000 -99999.0000 -99999.0000 -99999.0000 -99999.0000 -99999.0000 -99999.0000 -99999.0000 -99999.0000 -99999.0000 -99999.0000 -99999.0000
191.9384 193.0662 194.0009 194.8833 195.8357 196.9808 198.3685 200.0008 201.8241 203.7036 205.5038 207.1419 208.5370 209.7221 210.8101 211.9310 213.2392 214.8589 216.7987 218.9986 221.3480 223.6943 225.8871 227.7954 229.3904 230.6577 231.6195 232.3029 232.7665 233.0962 233.3373 -99999.0000 -99999.0000 -99999.0000 -99999.0000 -99999.0000 -99999.0000 -99999.0000 -99999.0000 -99999.0000 -99999.0000 -99999.0000 -99999.0000 -99999.0000 -99999.0000 -99999.0000 -99999.0000 -99999.0000 -99999.0000 -99999.0000 -99999.0000 -99999.0000 -99999.0000 -99999.0000 -99999.0000 -99999.0000 -99999.0000
192.0304 193.1619 194.1517 195.0851 196.1037 197.3281 198.8219 200.5824 202.5245 204.5220 206.4459 208.1628 209.6143 210.8218 211.9044 213.0186 214.2885 215.8249 217.6585 219.7585 222.0244 224.3013 226.4705 228.4081 230.0522 231.3772 232.4026 233.1678 233.7175 234.1147 234.4392 234.7036 -99999.0000 -99999.0000 -99999.0000 -99999.0000 -99999.0000 -99999.0000 -99999.0000 -99999.0000 -99999.0000 -99999.0000 -99999.0000 -99999.0000 -99999.0000 -99999.0000 -99999.0000 -99999.0000 -99999.0000 -99999.0000 -99999.0000 -99999.0000 -99999.0000 -99999.0000 -99999.0000 -99999.0000 -99999.0000
192.0458 193.1793 194.1840 195.1586 196.2421 197.5749 199.1776 201.0623 203.1464 205.2758 207.3029 209.0971 210.5994 211.8323 212.9068 214.0007 215.2240 216.6733 218.4000 220.3804 222.5360 224.7513 226.8842 228.8361 230.5175 231.9137 233.0127 233.8479 234.4731 234.9628 235.3577 235.6651 235.9162 -99999.0000 -99999.0000 -99999.0000 -99999.0000 -99999.0000 -99999.0000 -99999.0000 -99999.0000 -99999.0000 -99999.0000 -99999.0000 -99999.0000 -99999.0000 -99999.0000 -99999.0000 -99999.0000 -99999.0000 -99999.0000 -99999.0000 -99999.0000 -99999.0000 -99999.0000 -99999.0000 -99999.0000
192.0252 193.1340 194.1553 195.1698 196.3261 197.7308 199.4431 201.4400 203.6533 205.9005 208.0231 209.8967 211.4586 212.7285 213.8107 214.8663 216.0374 217.3931 219.0147 220.8770 222.9258 225.0648 227.1686 229.1403 230.8703 232.3139 233.4783 234.3812 235.0941 235.6502 236.1019 236.4582 236.7335 236.9252 -99999.0000 -99999.0000 -99999.0000 -99999.0000 -99999.0000 -99999.0000 -99999.0000 -99999.0000 -99999.0000 -99999.0000 -99999.0000 -99999.0000 -99999.0000 -99999.0000 -99999.0000 -99999.0000 -99999.0000 -99999.0000 -99999.0000 -99999.0000 -99999.0000 -99999.0000 -99999.0000
191.9981 193.0917 194.1178 195.1712 196.3842 197.8501 199.6317 201.7185 204.0141 206.3618 208.5806 210.5524 212.1965 213.5174 214.6127 215.6420 216.7454 218.0186 219.5243 221.2634 223.2125 225.2874 227.3690 229.3404 231.1093 232.6015 233.8286 234.7940 235.5703 236.1867 236.6812 237.0772 237.3848 237.5923 237.6922 -99999.0000 -99999.0000 -99999.0000 -99999.0000 -99999.0000 -99999.0000 -99999.0000 -99999.0000 -99999.0000 -99999.0000 -99999.0000 -99999.0000 -99999.0000 -99999.0000 -99999.0000 -99999.0000 -99999.0000 -99999.0000 -99999.0000 -99999.0000 -99999.0000 -99999.0000
191.9832 193.0598 194.1042 195.1896 196.4379 197.9492 199.7621 201.8889 204.2407 206.6720 208.9969 211.0761 212.8333 214.2243 215.3427 216.3488 217.3760 218.5423 219.9301 221.5645 223.4241 225.4332 227.4910 229.4754 231.2684 232.8043 234.0771 235.1012 235.9230 236.5782 237.1060 237.5290 237.8614 238.0993 238.2434 238.2479 238.1265 -99999.0000 -99999.0000 -99999.0000 -99999.0000 -99999.0000 -99999.0000 -99999.0000 -99999.0000 -99999.0000 -99999.0000 -99999.0000 -99999.0000 -99999.0000 -99999.0000 -99999.0000 -99999.0000 -99999.0000 -99999.0000 -99999.0000 -99999.0000
191.9788 193.0503 194.1300 195.2435 196.5179 198.0418 199.8568 201.9861 204.3683 206.8697 209.3106 211.5244 213.4129 214.8942 216.0470 217.0217 217.9661 219.0232 220.2972 221.8280 223.6146 225.5727 227.6014 229.5772 231.3802 232.9383 234.2477 235.3104 236.1530 236.8390 237.3873 237.8391 238.2051 238.4850 238.6685 238.7337 238.6858 238.5052 -99999.0000 -99999.0000 -99999.0000 -99999.0000 -99999.0000 -99999.0000 -99999.0000 -99999.0000 -99999.0000 -99999.0000 -99999.0000 -99999.0000 -99999.0000 -99999.0000 -99999.0000 -99999.0000 -99999.0000 -99999.0000 -99999.0000
192.0138 193.0994 194.1962 195.3542 196.6466 198.1643 199.9545 202.0545 204.4493 207.0133 209.5796 211.9435 213.9699 215.5570 216.7528 217.6927 218.5583 219.5007 220.6636 222.1112 223.8258 225.7324 227.7126 229.6518 231.4483 233.0100 234.3390 235.4124 236.2884 236.9889 237.5617 238.0376 238.4372 238.7477 238.9879 239.1285 239.1708 239.0878 238.8536 -99999.0000 -99999.0000 -99999.0000 -99999.0000 -99999.0000 -99999.0000 -99999.0000 -99999.0000 -99999.0000 -99999.0000 -99999.0000 -99999.0000 -99999.0000 -99999.0000 -99999.0000 -99999.0000 -99999.0000 -99999.0000
192.0685 193.1805 194.3197 195.5133 196.8176 198.3111 200.0608 202.1233 204.5238 207.1574 209.8343 212.3626 214.5378 216.2312 217.4730 218.3832 219.1555 219.9931 221.0638 222.4348 224.0827 225.9219 227.8518 229.7420 231.5002 233.0403 234.3601 235.4438 236.3340 237.0503 237.6417 238.1434 238.5709 238.9307 239.2294 239.4450 239.5868 239.6073 239.4894 239.1838 -99999.0000 -99999.0000 -99999.0000 -99999.0000 -99999.0000 -99999.0000 -99999.0000 -99999.0000 -99999.0000 -99999.0000 -99999.0000 -99999.0000 -99999.0000 -99999.0000 -99999.0000 -99999.0000 -99999.0000
192.1404 193.2852 194.4778 195.7123 197.0346 198.5026 200.2054 202.2244 204.6236 207.3070 210.0914 212.7682 215.1012 216.9070 218.1946 219.0901 219.8000 220.5555 221.5397 222.8353 224.4121 226.1778 228.0317 229.8482 231.5390 233.0345 234.3296 235.4134 236.3104 237.0444 237.6622 238.1982 238.6612 239.0690 239.4270 239.7228 239.9513 240.0755 240.0745 239.8819 239.4740 -99999.0000 -99999.0000 -99999.0000 -99999.0000 -99999.0000 -99999.0000 -99999.0000 -99999.0000 -99999.0000 -99999.0000 -99999.0000 -99999.0000 -99999.0000 -99999.0000 -99999.0000 -99999.0000
192.2393 193.4219 194.6664 195.9482 197.2821 198.7325 200.3870 202.3689 204.7533 207.4766 210.3656 213.1743 215.6504 217.5799 218.9338 219.8386 220.5248 221.2236 222.1432 223.3599 224.8572 226.5238 228.2735 229.9814 231.5870 233.0207 234.2779 235.3483 236.2536 237.0067 237.6606 238.2283 238.7343 239.2049 239.6223 239.9942 240.3146 240.5400 240.6435 240.5509 240.2411 -99999.0000 -99999.0000 -99999.0000 -99999.0000 -99999.0000 -99999.0000 -99999.0000 -99999.0000 -99999.0000 -99999.0000 -99999.0000 -99999.0000 -99999.0000 -99999.0000 -99999.0000 -99999.0000
