terrainbento_nyaraska_watershed/relief__10m_gauss5_nyaraska_1.asc
NCOLS 214
NROWS 325
XLLCORNER 597190.0000000000
YLLCORNER 262350.0000000000
CELLSIZE 10.000000
NODATA_VALUE -99999.0000
[rows 208 to 233 of 325, columns 114 to 170 of 214]
278.0248 278.6175 279.2506 279.9763 280.7989 281.7395 282.7854 283.9213 285.1095 286.3044 287.4725 288.5807 289.6200 290.6438 291.6479 292.6805 293.7287 294.7775 295.7924 296.7366 297.5915 298.3456 298.9797 299.5226 299.9942 300.4137 300.7957 301.1773 301.5518 301.9079 302.2567 302.5760 302.8558 303.1036 303.3015 303.4692 303.5785 303.6500 303.6696 303.6229 303.5060 303.3077 -99999.0000 -99999.0000 -99999.0000 -99999.0000 -99999.0000 -99999.0000 -99999.0000 -99999.0000 -99999.0000 -99999.0000 -99999.0000 -99999.0000 -99999.0000 -99999.0000 -99999.0000
279.0159 279.5919 280.2156 280.9272 281.7390 282.6402 283.6519 284.7304 285.8370 286.9491 288.0319 289.0539 290.0260 290.9725 291.9251 292.8939 293.8779 294.8562 295.8121 296.7077 297.5128 298.2325 298.8425 299.3817 299.8493 300.2807 300.6859 301.0916 301.4912 301.8745 302.2556 302.6059 302.9137 303.1796 303.4027 303.5875 303.7189 303.8056 303.8374 303.8043 303.7065 303.5370 -99999.0000 -99999.0000 -99999.0000 -99999.0000 -99999.0000 -99999.0000 -99999.0000 -99999.0000 -99999.0000 -99999.0000 -99999.0000 -99999.0000 -99999.0000 -99999.0000 -99999.0000
280.0124 280.5963 281.2283 281.9368 282.7372 283.6140 284.5762 285.5813 286.6011 287.6313 288.6110 289.5537 290.4653 291.3586 292.2589 293.1712 294.1024 295.0213 295.9046 296.7441 297.5102 298.1824 298.7743 299.2968 299.7625 300.1962 300.6142 301.0390 301.4567 301.8781 302.2799 302.6624 302.9888 303.2759 303.5180 303.7177 303.8575 303.9543 303.9951 303.9786 303.8902 303.7372 -99999.0000 -99999.0000 -99999.0000 -99999.0000 -99999.0000 -99999.0000 -99999.0000 -99999.0000 -99999.0000 -99999.0000 -99999.0000 -99999.0000 -99999.0000 -99999.0000 -99999.0000
280.9853 281.6027 282.2470 282.9715 283.7582 284.5995 285.4994 286.4358 287.3656 288.2956 289.2004 290.0815 290.9362 291.7750 292.6399 293.5113 294.3789 295.2438 296.0729 296.8470 297.5663 298.1956 298.7705 299.2738 299.7361 300.1749 300.6125 301.0424 301.4870 301.9272 302.3533 302.7512 303.0935 303.3931 303.6488 303.8478 304.0022 304.1107 304.1552 304.1412 304.0640 303.9190 -99999.0000 -99999.0000 -99999.0000 -99999.0000 -99999.0000 -99999.0000 -99999.0000 -99999.0000 -99999.0000 -99999.0000 -99999.0000 -99999.0000 -99999.0000 -99999.0000 -99999.0000
281.9060 282.5663 283.2483 283.9781 284.7445 285.5528 286.3876 287.2372 288.0927 288.9502 289.7862 290.6121 291.4254 292.2359 293.0592 293.8901 294.7097 295.5190 296.2917 297.0168 297.6923 298.2953 298.8286 299.3267 299.7821 300.2303 300.6696 301.1129 301.5769 302.0272 302.4645 302.8719 303.2286 303.5356 303.7923 303.9966 304.1587 304.2674 304.3239 304.3100 304.2311 304.0899 -99999.0000 -99999.0000 -99999.0000 -99999.0000 -99999.0000 -99999.0000 -99999.0000 -99999.0000 -99999.0000 -99999.0000 -99999.0000 -99999.0000 -99999.0000 -99999.0000 -99999.0000
282.7567 283.4776 284.2060 284.9337 285.6777 286.4380 287.2096 287.9902 288.7701 289.5536 290.3456 291.1339 291.9296 292.7184 293.5079 294.3078 295.0807 295.8427 296.5606 297.2389 297.8726 298.4418 298.9643 299.4584 299.9031 300.3489 300.7954 301.2543 301.7226 302.1863 302.6284 303.0428 303.4022 303.7164 303.9759 304.1904 304.3466 304.4573 304.5143 304.5028 304.4243 304.2758 -99999.0000 -99999.0000 -99999.0000 -99999.0000 -99999.0000 -99999.0000 -99999.0000 -99999.0000 -99999.0000 -99999.0000 -99999.0000 -99999.0000 -99999.0000 -99999.0000 -99999.0000
283.5245 284.3237 285.0903 285.8241 286.5421 287.2512 287.9568 288.6693 289.3945 290.1390 290.8983 291.6636 292.4445 293.2182 293.9895 294.7439 295.4870 296.1950 296.8786 297.5115 298.1096 298.6577 299.1664 299.6414 300.0974 300.5394 301.0030 301.4648 301.9413 302.4024 302.8485 303.2633 303.6216 303.9389 304.2002 304.4161 304.5786 304.6895 304.7373 304.7213 304.6350 304.4737 -99999.0000 -99999.0000 -99999.0000 -99999.0000 -99999.0000 -99999.0000 -99999.0000 -99999.0000 -99999.0000 -99999.0000 -99999.0000 -99999.0000 -99999.0000 -99999.0000 -99999.0000
284.2203 285.0838 285.8885 286.6345 287.3307 287.9880 288.6335 289.3015 289.9832 290.6926 291.4354 292.2038 292.9703 293.7281 294.4823 295.2089 295.9066 296.5806 297.2204 297.8261 298.3883 298.9223 299.4230 299.8918 300.3531 300.8054 301.2662 301.7412 302.2121 302.6755 303.1209 303.5236 303.8872 304.1968 304.4632 304.6767 304.8400 304.9446 304.9838 304.9601 304.8679 304.6870 -99999.0000 -99999.0000 -99999.0000 -99999.0000 -99999.0000 -99999.0000 -99999.0000 -99999.0000 -99999.0000 -99999.0000 -99999.0000 -99999.0000 -99999.0000 -99999.0000 -99999.0000
284.8286 285.7508 286.6004 287.3526 288.0283 288.6575 289.2661 289.8836 290.5361 291.2318 291.9749 292.7282 293.4996 294.2549 294.9821 295.6796 296.3486 296.9865 297.5891 298.1599 298.7074 299.2229 299.7195 300.1898 300.6622 301.1182 301.5863 302.0647 302.5348 302.9963 303.4314 303.8325 304.1898 304.5010 304.7675 304.9796 305.1377 305.2374 305.2704 305.2343 305.1205 304.9240 -99999.0000 -99999.0000 -99999.0000 -99999.0000 -99999.0000 -99999.0000 -99999.0000 -99999.0000 -99999.0000 -99999.0000 -99999.0000 -99999.0000 -99999.0000 -99999.0000 -99999.0000
285.3580 286.3366 287.2168 287.9823 288.6570 289.2623 289.8505 290.4458 291.0866 291.7680 292.5081 293.2728 294.0234 294.7676 295.4779 296.1564 296.7954 297.3960 297.9715 298.5192 299.0444 299.5530 300.0445 300.5304 301.0012 301.4807 301.9504 302.4294 302.8960 303.3471 303.7812 304.1780 304.5342 304.8505 305.1078 305.3193 305.4684 305.5604 305.5882 305.5306 305.4045 305.1863 -99999.0000 -99999.0000 -99999.0000 -99999.0000 -99999.0000 -99999.0000 -99999.0000 -99999.0000 -99999.0000 -99999.0000 -99999.0000 -99999.0000 -99999.0000 -99999.0000 -99999.0000
285.8004 286.8149 287.7231 288.5089 289.1901 289.8036 290.3870 290.9839 291.6192 292.3075 293.0443 293.7939 294.5518 295.2829 295.9746 296.6293 297.2458 297.8203 298.3678 298.8858 299.4076 299.9072 300.4090 300.8955 301.3845 301.8678 302.3392 302.8168 303.2823 303.7316 304.1606 304.5538 304.9103 305.2258 305.4883 305.6941 305.8361 305.9171 305.9359 305.8643 305.7159 305.4818 -99999.0000 -99999.0000 -99999.0000 -99999.0000 -99999.0000 -99999.0000 -99999.0000 -99999.0000 -99999.0000 -99999.0000 -99999.0000 -99999.0000 -99999.0000 -99999.0000 -99999.0000
286.1640 287.1998 288.1232 288.9352 289.6389 290.2642 290.8696 291.4741 292.1258 292.8143 293.5564 294.3176 295.0565 295.7782 296.4682 297.0999 297.6926 298.2382 298.7700 299.2760 299.7735 300.2755 300.7763 301.2735 301.7725 302.2596 302.7477 303.2188 303.6895 304.1304 304.5555 304.9459 305.3133 305.6248 305.8834 306.0942 306.2387 306.3120 306.3147 306.2393 306.0769 305.8310 -99999.0000 -99999.0000 -99999.0000 -99999.0000 -99999.0000 -99999.0000 -99999.0000 -99999.0000 -99999.0000 -99999.0000 -99999.0000 -99999.0000 -99999.0000 -99999.0000 -99999.0000
286.4513 287.4789 288.4238 289.2566 289.9889 290.6515 291.2820 291.9154 292.5925 293.3086 294.0605 294.8126 295.5630 296.2736 296.9396 297.5572 298.1327 298.6685 299.1720 299.6691 300.1587 300.6542 301.1582 301.6662 302.1713 302.6705 303.1514 303.6356 304.0898 304.5396 304.9608 305.3645 305.7320 306.0466 306.3210 306.5319 306.6716 306.7494 306.7469 306.6640 306.4935 306.2352 -99999.0000 -99999.0000 -99999.0000 -99999.0000 -99999.0000 -99999.0000 -99999.0000 -99999.0000 -99999.0000 -99999.0000 -99999.0000 -99999.0000 -99999.0000 -99999.0000 -99999.0000
286.6608 287.6866 288.6334 289.4860 290.2535 290.9565 291.6246 292.3037 293.0149 293.7517 294.5216 295.2917 296.0338 296.7404 297.4032 298.0077 298.5614 299.0766 299.5709 300.0562 300.5360 301.0389 301.5419 302.0575 302.5684 303.0696 303.5697 304.0426 304.5087 304.9602 305.3819 305.7923 306.1584 306.4857 306.7628 306.9751 307.1344 307.2079 307.2142 307.1300 306.9531 306.6861 -99999.0000 -99999.0000 -99999.0000 -99999.0000 -99999.0000 -99999.0000 -99999.0000 -99999.0000 -99999.0000 -99999.0000 -99999.0000 -99999.0000 -99999.0000 -99999.0000 -99999.0000
286.8071 287.8203 288.7703 289.6406 290.4354 291.1766 291.8939 292.6178 293.3717 294.1450 294.9392 295.7216 296.4835 297.1810 297.8347 298.4275 298.9754 299.4752 299.9584 300.4286 300.9163 301.4101 301.9262 302.4391 302.9607 303.4740 303.9751 304.4584 304.9316 305.3785 305.8106 306.2174 306.5965 306.9259 307.2116 307.4356 307.5963 307.6866 307.6989 307.6233 307.4481 307.1823 -99999.0000 -99999.0000 -99999.0000 -99999.0000 -99999.0000 -99999.0000 -99999.0000 -99999.0000 -99999.0000 -99999.0000 -99999.0000 -99999.0000 -99999.0000 -99999.0000 -99999.0000
286.9006 287.9003 288.8510 289.7321 290.5585 291.3341 292.0960 292.8786 293.6783 294.4909 295.3192 296.1335 296.8944 297.5906 298.2394 298.8284 299.3573 299.8447 300.3163 300.7902 301.2739 301.7743 302.2901 302.8138 303.3427 303.8640 304.3689 304.8655 305.3336 305.8002 306.2302 306.6523 307.0345 307.3743 307.6678 307.8982 308.0691 308.1684 308.1868 308.1246 307.9693 307.7165 -99999.0000 -99999.0000 -99999.0000 -99999.0000 -99999.0000 -99999.0000 -99999.0000 -99999.0000 -99999.0000 -99999.0000 -99999.0000 -99999.0000 -99999.0000 -99999.0000 -99999.0000
286.9496 287.9498 288.8967 289.7898 290.6375 291.4577 292.2657 293.0892 293.9345 294.7968 295.6572 296.4887 297.2700 297.9758 298.6159 299.1945 299.7113 300.1920 300.6596 301.1305 301.6142 302.1159 302.6429 303.1728 303.7035 304.2367 304.7574 305.2607 305.7471 306.2112 306.6652 307.0829 307.4755 307.8194 308.1188 308.3616 308.5435 308.6563 308.6965 308.6431 308.5035 308.2633 -99999.0000 -99999.0000 -99999.0000 -99999.0000 -99999.0000 -99999.0000 -99999.0000 -99999.0000 -99999.0000 -99999.0000 -99999.0000 -99999.0000 -99999.0000 -99999.0000 -99999.0000
286.9781 287.9633 288.9129 289.8190 290.6981 291.5442 292.3909 293.2646 294.1597 295.0547 295.9543 296.8156 297.6086 298.3159 298.9487 299.5220 300.0251 300.5031 300.9695 301.4402 301.9254 302.4373 302.9637 303.5082 304.0544 304.6016 305.1328 305.6517 306.1480 306.6335 307.0848 307.5113 307.9044 308.2500 308.5573 308.8040 308.9928 309.1160 309.1704 309.1461 309.0291 308.8038 -99999.0000 -99999.0000 -99999.0000 -99999.0000 -99999.0000 -99999.0000 -99999.0000 -99999.0000 -99999.0000 -99999.0000 -99999.0000 -99999.0000 -99999.0000 -99999.0000 -99999.0000
286.9662 287.9535 288.9043 289.8218 290.7254 291.6129 292.4984 293.4030 294.3450 295.2894 296.2154 297.0952 297.9046 298.6089 299.2480 299.8076 300.3132 300.7807 301.2559 301.7277 302.2162 302.7358 303.2857 303.8387 304.3970 304.9588 305.5146 306.0357 306.5566 307.0386 307.5017 307.9331 308.3231 308.6811 308.9806 309.2353 309.4361 309.5763 309.6461 309.6328 309.5350 309.3297 -99999.0000 -99999.0000 -99999.0000 -99999.0000 -99999.0000 -99999.0000 -99999.0000 -99999.0000 -99999.0000 -99999.0000 -99999.0000 -99999.0000 -99999.0000 -99999.0000 -99999.0000
286.9318 287.9156 288.8618 289.8020 290.7247 291.6425 292.5679 293.5183 294.4944 295.4682 296.4242 297.3350 298.1443 298.8560 299.4945 300.0563 300.5606 301.0366 301.5058 301.9877 302.4851 303.0212 303.5864 304.1610 304.7429 305.3206 305.8907 306.4384 306.9609 307.4543 307.9177 308.3401 308.7338 309.0833 309.3872 309.6531 309.8609 310.0155 310.0912 310.0895 310.0070 309.8073 -99999.0000 -99999.0000 -99999.0000 -99999.0000 -99999.0000 -99999.0000 -99999.0000 -99999.0000 -99999.0000 -99999.0000 -99999.0000 -99999.0000 -99999.0000 -99999.0000 -99999.0000
286.8880 287.8584 288.8049 289.7475 290.6859 291.6298 292.5884 293.5730 294.5872 295.5983 296.5719 297.4998 298.3237 299.0473 299.6815 300.2496 300.7610 301.2399 301.7188 302.2204 302.7362 303.2960 303.8817 304.4798 305.0870 305.6986 306.2805 306.8370 307.3582 307.8594 308.3176 308.7332 309.1321 309.4804 309.7949 310.0572 310.2729 310.4258 310.5212 310.5129 310.4329 310.2341 -99999.0000 -99999.0000 -99999.0000 -99999.0000 -99999.0000 -99999.0000 -99999.0000 -99999.0000 -99999.0000 -99999.0000 -99999.0000 -99999.0000 -99999.0000 -99999.0000 -99999.0000
286.8347 287.7854 288.7278 289.6649 290.6117 291.5710 292.5610 293.5727 294.6127 295.6380 296.6356 297.5757 298.4099 299.1457 299.7967 300.3736 300.9007 301.3944 301.9048 302.4239 302.9733 303.5637 304.1819 304.8165 305.4527 306.0846 306.6805 307.2445 307.7686 308.2508 308.7019 309.1220 309.5073 309.8582 310.1662 310.4362 310.6538 310.8150 310.8914 310.8937 310.8047 310.6127 -99999.0000 -99999.0000 -99999.0000 -99999.0000 -99999.0000 -99999.0000 -99999.0000 -99999.0000 -99999.0000 -99999.0000 -99999.0000 -99999.0000 -99999.0000 -99999.0000 -99999.0000
286.7874 287.7191 288.6443 289.5695 290.5130 291.4831 292.4776 293.5135 294.5762 295.6129 296.6184 297.5731 298.4238 299.1696 299.8389 300.4387 300.9882 301.5041 302.0513 302.6121 303.2014 303.8301 304.5015 305.1739 305.8465 306.4945 307.1068 307.6588 308.1718 308.6516 309.0893 309.4915 309.8719 310.2171 310.5305 310.7902 311.0074 311.1542 311.2314 311.2289 311.1272 310.9235 -99999.0000 -99999.0000 -99999.0000 -99999.0000 -99999.0000 -99999.0000 -99999.0000 -99999.0000 -99999.0000 -99999.0000 -99999.0000 -99999.0000 -99999.0000 -99999.0000 -99999.0000
286.7615 287.6697 288.5704 289.4805 290.4094 291.3741 292.3710 293.4092 294.4711 295.5216 296.5363 297.4914 298.3456 299.1167 299.8056 300.4275 301.0072 301.5734 302.1555 302.7671 303.4080 304.1037 304.8160 305.5483 306.2513 306.9164 307.5359 308.0867 308.5922 309.0442 309.4631 309.8614 310.2239 310.5582 310.8546 311.1067 311.3032 311.4363 311.5048 311.4840 311.3824 311.1800 -99999.0000 -99999.0000 -99999.0000 -99999.0000 -99999.0000 -99999.0000 -99999.0000 -99999.0000 -99999.0000 -99999.0000 -99999.0000 -99999.0000 -99999.0000 -99999.0000 -99999.0000
286.7574 287.6455 288.5219 289.4074 290.3149 291.2607 292.2387 293.2559 294.3103 295.3477 296.3587 297.3136 298.1922 298.9812 299.6986 300.3581 300.9787 301.5913 302.2245 302.8916 303.6019 304.3614 305.1460 305.9169 306.6597 307.3512 307.9723 308.5177 309.0024 309.4378 309.8383 310.2055 310.5564 310.8636 311.1443 311.3702 311.5474 311.6579 311.7126 311.6819 311.5778 311.3698 -99999.0000 -99999.0000 -99999.0000 -99999.0000 -99999.0000 -99999.0000 -99999.0000 -99999.0000 -99999.0000 -99999.0000 -99999.0000 -99999.0000 -99999.0000 -99999.0000 -99999.0000
286.7620 287.6345 288.4933 289.3474 290.2266 291.1342 292.0854 293.0793 294.1108 295.1340 296.1347 297.0910 297.9859 298.8036 299.5562 300.2584 300.9191 301.5856 302.2775 303.0146 303.8005 304.6227 305.4656 306.2962 307.0728 307.7883 308.4036 308.9485 309.4077 309.8268 310.1984 310.5442 310.8582 311.1489 311.3896 311.5829 311.7241 311.8165 311.8486 311.8191 311.7062 311.5071 -99999.0000 -99999.0000 -99999.0000 -99999.0000 -99999.0000 -99999.0000 -99999.0000 -99999.0000 -99999.0000 -99999.0000 -99999.0000 -99999.0000 -99999.0000 -99999.0000 -99999.0000
