terrainbento_nyaraska_watershed/relief__10m_gauss5_nyaraska_1.asc
NCOLS 214
NROWS 325
XLLCORNER 597190.0000000000
YLLCORNER 262350.0000000000
CELLSIZE 10.000000
NODATA_VALUE -99999.0000
[rows 286 to 311 of 325, columns 114 to 170 of 214]
306.2637 306.3160 306.3435 306.3439 306.3023 306.2193 306.0904 305.9148 305.6992 305.4515 305.1550 304.8184 304.4261 303.9935 303.5360 303.0726 302.6308 302.2257 301.8826 301.6130 301.4323 301.3701 301.4364 301.6544 302.0539 302.6288 303.3415 304.1739 305.0693 305.9807 306.8720 307.7249 308.5318 309.3061 310.0838 310.8601 311.6305 312.3999 313.1583 313.8791 314.5809 315.2421 315.8859 316.5061 317.1231 317.7147 318.2590 318.7784 319.2555 319.6766 320.0632 320.4193 320.7314 321.0332 321.3174 321.6038 321.8916
306.7849 306.8729 306.9406 306.9616 306.9338 306.8614 306.7398 306.5682 306.3638 306.1331 305.8596 305.5424 305.1870 304.7925 304.3876 303.9641 303.5555 303.1819 302.8562 302.5972 302.4159 302.3386 302.3868 302.5693 302.9137 303.4079 304.0305 304.7434 305.5349 306.3234 307.1099 307.8694 308.6001 309.3080 310.0146 310.7296 311.4536 312.1787 312.9043 313.6157 314.3113 314.9873 315.6445 316.2905 316.9270 317.5398 318.1156 318.6529 319.1331 319.5714 319.9527 320.3003 320.5970 320.8831 321.1559 321.4213 321.7000
307.2679 307.4023 307.4948 307.5436 307.5373 307.4821 307.3752 307.2199 307.0361 306.8236 306.5728 306.2958 305.9792 305.6362 305.2691 304.8960 304.5280 304.1799 303.8687 303.6212 303.4377 303.3524 303.3728 303.5204 303.8068 304.2180 304.7365 305.3321 305.9921 306.6622 307.3383 308.0063 308.6450 309.2820 309.9193 310.5757 311.2492 311.9315 312.6369 313.3366 314.0278 314.7220 315.3962 316.0665 316.7216 317.3504 317.9510 318.4961 318.9956 319.4381 319.8160 320.1573 320.4533 320.7224 320.9821 321.2408 321.5067
307.7039 307.8802 308.0016 308.0773 308.0984 308.0564 307.9742 307.8443 307.6894 307.5086 307.2970 307.0694 306.8017 306.5044 306.1855 305.8440 305.5239 305.2054 304.9156 304.6730 304.4888 304.3824 304.3858 304.4856 304.7050 305.0239 305.4359 305.9114 306.4457 306.9896 307.5628 308.1261 308.6880 309.2391 309.8214 310.4161 311.0332 311.6828 312.3687 313.0588 313.7578 314.4667 315.1547 315.8395 316.5124 317.1548 317.7669 318.3195 318.8369 319.2819 319.6653 320.0006 320.2875 320.5552 320.8044 321.0557 321.3125
308.0868 308.3041 308.4611 308.5686 308.6170 308.6140 308.5621 308.4656 308.3481 308.2080 308.0392 307.8508 307.6281 307.3705 307.0979 306.8099 306.5238 306.2357 305.9648 305.7258 305.5385 305.4192 305.3771 305.4207 305.5587 305.7902 306.0929 306.4524 306.8697 307.3104 307.7741 308.2499 308.7302 309.2198 309.7339 310.2672 310.8421 311.4616 312.1233 312.8007 313.5124 314.2296 314.9284 315.6314 316.3058 316.9592 317.5706 318.1344 318.6516 319.0969 319.4889 319.8232 320.1045 320.3754 320.6187 320.8702 321.1259
308.4140 308.6728 308.8737 309.0168 309.1007 309.1313 309.1169 309.0604 308.9795 308.8726 308.7447 308.5991 308.4218 308.2162 307.9840 307.7477 307.4948 307.2334 306.9799 306.7496 306.5562 306.4063 306.3218 306.3076 306.3727 306.5069 306.7168 306.9772 307.2848 307.6229 307.9966 308.3893 308.7920 309.2148 309.6694 310.1508 310.6865 311.2782 311.9182 312.5952 313.3066 314.0254 314.7353 315.4404 316.1152 316.7630 317.3751 317.9442 318.4532 318.9056 319.3071 319.6384 319.9295 320.1928 320.4380 320.6855 320.9361
308.6732 308.9818 309.2255 309.4081 309.5303 309.5986 309.6187 309.6132 309.5716 309.5077 309.4265 309.3189 309.1859 309.0196 308.8259 308.6234 308.4034 308.1706 307.9410 307.7103 307.5086 307.3398 307.2072 307.1364 307.1253 307.1730 307.2957 307.4630 307.6747 307.9205 308.2123 308.5354 308.8690 309.2376 309.6337 310.0766 310.5812 311.1457 311.7758 312.4414 313.1511 313.8742 314.5782 315.2748 315.9499 316.5858 317.1910 317.7550 318.2603 318.7170 319.1111 319.4543 319.7538 320.0119 320.2645 320.5038 320.7508
308.8356 309.2021 309.4954 309.7184 309.8814 310.0020 310.0722 310.1072 310.1130 310.0898 310.0464 309.9702 309.8784 309.7508 309.5990 309.4295 309.2426 309.0339 308.8240 308.5988 308.3900 308.1873 308.0248 307.8925 307.8250 307.7956 307.8423 307.9210 308.0543 308.2197 308.4375 308.6920 308.9710 309.2850 309.6474 310.0575 310.5348 311.0782 311.6930 312.3463 313.0426 313.7648 314.4626 315.1477 315.8170 316.4357 317.0264 317.5789 318.0806 318.5291 318.9219 319.2725 319.5805 319.8418 320.0918 320.3353 320.5700
308.9170 309.3339 309.6714 309.9474 310.1603 310.3309 310.4529 310.5379 310.5983 310.6233 310.6168 310.5894 310.5329 310.4372 310.3125 310.1644 310.0000 309.8139 309.6136 309.3930 309.1617 308.9480 308.7463 308.5779 308.4489 308.3676 308.3411 308.3652 308.4260 308.5313 308.6818 308.8735 309.1030 309.3781 309.7061 310.0918 310.5465 311.0797 311.6674 312.3113 312.9981 313.6994 314.3889 315.0585 315.7128 316.3190 316.8909 317.4288 317.9249 318.3646 318.7570 319.1046 319.4118 319.6861 319.9283 320.1652 320.3961
308.8746 309.3463 309.7425 310.0765 310.3394 310.5673 310.7509 310.9022 311.0175 311.0960 311.1364 311.1480 311.1152 311.0468 310.9433 310.8185 310.6780 310.5030 310.3055 310.0852 309.8532 309.6172 309.3897 309.1807 309.0131 308.8810 308.8065 308.7737 308.7818 308.8296 308.9323 309.0753 309.2667 309.5068 309.8195 310.1823 310.6191 311.1357 311.7102 312.3365 313.0043 313.6828 314.3626 315.0154 315.6492 316.2440 316.7990 317.3220 317.8055 318.2278 318.6230 318.9628 319.2673 319.5407 319.7906 320.0166 320.2305
308.7048 309.2438 309.7083 310.1052 310.4376 310.7272 310.9767 311.1953 311.3734 311.5038 311.5891 311.6304 311.6240 311.5850 311.5104 311.4046 311.2756 311.1071 310.9161 310.6953 310.4541 310.1941 309.9435 309.7068 309.5020 309.3397 309.2212 309.1501 309.1123 309.1223 309.1795 309.2868 309.4506 309.6772 309.9664 310.3268 310.7485 311.2563 311.8138 312.4160 313.0633 313.7169 314.3760 315.0090 315.6257 316.2044 316.7385 317.2504 317.7148 318.1260 318.5075 318.8472 319.1507 319.4152 319.6644 319.8845 320.0882
308.3995 309.0109 309.5479 310.0119 310.4158 310.7841 311.1107 311.4003 311.6422 311.8304 311.9673 312.0493 312.0846 312.0695 312.0109 311.9194 311.8017 311.6400 311.4488 311.2166 310.9722 310.7053 310.4297 310.1687 309.9411 309.7470 309.6016 309.4902 309.4343 309.4066 309.4388 309.5253 309.6732 309.8849 310.1692 310.5191 310.9315 311.4262 311.9681 312.5411 313.1584 313.7917 314.4201 315.0296 315.6248 316.1844 316.7087 317.2057 317.6515 318.0541 318.4197 318.7520 319.0484 319.3073 319.5504 319.7672 319.9609
-99999.0000 308.6378 309.2604 309.8108 310.3087 310.7633 311.1677 311.5320 311.8347 312.0835 312.2725 312.3963 312.4639 312.4807 312.4526 312.3828 312.2677 312.1211 311.9271 311.6951 311.4307 311.1463 310.8570 310.5785 310.3316 310.1191 309.9437 309.8182 309.7321 309.6923 309.7078 309.7870 309.9213 310.1327 310.4146 310.7592 311.1745 311.6478 312.1665 312.7174 313.3105 313.9056 314.5036 315.0870 315.6617 316.1976 316.7012 317.1785 317.6169 318.0013 318.3569 318.6761 318.9689 319.2202 319.4563 319.6669 319.8582
-99999.0000 -99999.0000 -99999.0000 309.4809 310.0818 310.6302 311.1223 311.5546 311.9271 312.2371 312.4761 312.6602 312.7657 312.8255 312.8250 312.7759 312.6864 312.5417 312.3510 312.1184 311.8416 311.5469 311.2477 310.9587 310.6892 310.4550 310.2682 310.1253 310.0253 309.9692 309.9799 310.0567 310.1944 310.4018 310.6911 311.0401 311.4469 311.9067 312.4045 312.9300 313.4912 314.0481 314.6182 315.1691 315.7180 316.2342 316.7179 317.1820 317.6054 317.9738 318.3252 318.6271 318.9065 319.1553 319.3828 319.5917 319.7646
-99999.0000 -99999.0000 -99999.0000 -99999.0000 309.7072 310.3665 310.9597 311.4780 311.9221 312.2922 312.5946 312.8291 312.9901 313.0923 313.1377 313.1125 313.0426 312.9122 312.7220 312.4848 312.2201 311.9202 311.6131 311.3088 311.0341 310.7824 310.5767 310.4150 310.3067 310.2574 310.2645 310.3437 310.4921 310.7115 311.0036 311.3518 311.7445 312.1956 312.6682 313.1696 313.6943 314.2214 314.7551 315.2749 315.7928 316.2928 316.7524 317.2034 317.6154 317.9781 318.3131 318.5977 318.8660 319.1010 319.3193 319.5238 319.6934
-99999.0000 -99999.0000 -99999.0000 -99999.0000 -99999.0000 309.9292 310.6350 311.2482 311.7843 312.2322 312.5932 312.8918 313.1174 313.2769 313.3639 313.3866 313.3331 313.2233 313.0541 312.8257 312.5620 312.2677 311.9530 311.6487 311.3651 311.1101 310.8931 310.7254 310.6143 310.5563 310.5731 310.6667 310.8210 311.0432 311.3352 311.6808 312.0663 312.4962 312.9474 313.4231 313.9128 314.4059 314.9081 315.3995 315.8941 316.3658 316.8082 317.2435 317.6433 317.9999 318.3143 318.5922 318.8419 319.0588 319.2677 319.4584 319.6165
-99999.0000 -99999.0000 -99999.0000 -99999.0000 -99999.0000 -99999.0000 -99999.0000 310.8553 311.4941 312.0346 312.4847 312.8559 313.1570 313.3768 313.5076 313.5738 313.5573 313.4721 313.3225 313.1131 312.8625 312.5819 312.2806 311.9810 311.6904 311.4368 311.2182 311.0442 310.9298 310.8858 310.9073 311.0066 311.1709 311.4025 311.6949 312.0208 312.3994 312.7997 313.2382 313.6823 314.1357 314.6098 315.0799 315.5381 316.0152 316.4589 316.8906 317.3029 317.6895 318.0349 318.3338 318.5988 318.8264 319.0237 319.2143 319.3831 319.5301
-99999.0000 -99999.0000 -99999.0000 -99999.0000 -99999.0000 -99999.0000 -99999.0000 -99999.0000 311.0189 311.6804 312.2325 312.6948 313.0682 313.3553 313.5598 313.6754 313.6982 313.6533 313.5308 313.3522 313.1254 312.8587 312.5797 312.2953 312.0194 311.7674 311.5482 311.3843 311.2765 311.2354 311.2665 311.3728 311.5404 311.7708 312.0507 312.3734 312.7303 313.1117 313.5234 313.9428 314.3746 314.8172 315.2533 315.6990 316.1443 316.5623 316.9794 317.3717 317.7419 318.0745 318.3676 318.6122 318.8179 318.9955 319.1584 319.3053 319.4323
-99999.0000 -99999.0000 -99999.0000 -99999.0000 -99999.0000 -99999.0000 -99999.0000 -99999.0000 -99999.0000 -99999.0000 311.8180 312.3902 312.8621 313.2248 313.4946 313.6701 313.7560 313.7506 313.6795 313.5343 313.3423 313.1127 312.8630 312.6013 312.3474 312.1066 311.9042 311.7493 311.6518 311.6148 311.6642 311.7750 311.9420 312.1622 312.4286 312.7396 313.0681 313.4300 313.8082 314.2060 314.6125 315.0270 315.4417 315.8643 316.2827 316.6898 317.0789 317.4521 317.8055 318.1220 318.3940 318.6273 318.8185 318.9713 319.1056 319.2278 319.3247
-99999.0000 -99999.0000 -99999.0000 -99999.0000 -99999.0000 -99999.0000 -99999.0000 -99999.0000 -99999.0000 -99999.0000 -99999.0000 311.8997 312.4887 312.9585 313.3123 313.5744 313.7246 313.7797 313.7551 313.6706 313.5176 313.3352 313.1218 312.8940 312.6716 312.4673 312.2757 312.1421 312.0608 312.0428 312.0875 312.1931 312.3617 312.5746 312.8243 313.1052 313.4079 313.7444 314.1031 314.4673 314.8509 315.2398 315.6376 316.0318 316.4290 316.8135 317.1832 317.5357 317.8631 318.1601 318.4172 318.6404 318.8075 318.9431 319.0562 319.1472 319.2157
-99999.0000 -99999.0000 -99999.0000 -99999.0000 -99999.0000 -99999.0000 -99999.0000 -99999.0000 -99999.0000 -99999.0000 -99999.0000 -99999.0000 -99999.0000 312.5148 312.9885 313.3480 313.5899 313.7217 313.7701 313.7402 313.6553 313.5222 313.3537 313.1706 312.9789 312.8043 312.6583 312.5453 312.4793 312.4698 312.5223 312.6359 312.7913 312.9833 313.2141 313.4745 313.7584 314.0706 314.3988 314.7424 315.1007 315.4649 315.8337 316.2054 316.5826 316.9317 317.2799 317.6065 317.9124 318.1928 318.4324 318.6454 318.8009 318.9248 319.0198 319.0794 319.1293
-99999.0000 -99999.0000 -99999.0000 -99999.0000 -99999.0000 -99999.0000 -99999.0000 -99999.0000 -99999.0000 -99999.0000 -99999.0000 -99999.0000 -99999.0000 -99999.0000 312.4957 312.9889 313.3440 313.5793 313.7061 313.7520 313.7299 313.6628 313.5521 313.4222 313.2833 313.1513 313.0334 312.9568 312.9131 312.9187 312.9756 313.0801 313.2212 313.3999 313.6099 313.8499 314.1099 314.3913 314.6913 315.0166 315.3421 315.6792 316.0176 316.3757 316.7200 317.0450 317.3721 317.6688 317.9515 318.2099 318.4399 318.6389 318.7918 318.9085 318.9913 319.0307 319.0461
-99999.0000 -99999.0000 -99999.0000 -99999.0000 -99999.0000 -99999.0000 -99999.0000 -99999.0000 -99999.0000 -99999.0000 -99999.0000 -99999.0000 -99999.0000 -99999.0000 -99999.0000 312.4783 312.9787 313.3251 313.5572 313.6922 313.7419 313.7408 313.7062 313.6349 313.5645 313.4838 313.4127 313.3683 313.3552 313.3695 313.4250 313.5167 313.6512 313.8148 314.0010 314.2181 314.4572 314.7115 314.9958 315.2791 315.5828 315.8916 316.2041 316.5286 316.8444 317.1554 317.4431 317.7171 317.9783 318.2141 318.4336 318.6247 318.7725 318.8855 318.9514 318.9777 318.9648
-99999.0000 -99999.0000 -99999.0000 -99999.0000 -99999.0000 -99999.0000 -99999.0000 -99999.0000 -99999.0000 -99999.0000 -99999.0000 -99999.0000 -99999.0000 -99999.0000 -99999.0000 -99999.0000 312.4645 312.9619 313.3131 313.5509 313.6929 313.7775 313.8156 313.8225 313.8081 313.7877 313.7660 313.7604 313.7661 313.8042 313.8643 313.9596 314.0765 314.2184 314.3919 314.5872 314.7917 315.0215 315.2733 315.5408 315.8198 316.0908 316.3748 316.6692 316.9574 317.2360 317.4926 317.7484 317.9830 318.1977 318.4095 318.5878 318.7314 318.8389 318.8954 318.9081 318.8753
-99999.0000 -99999.0000 -99999.0000 -99999.0000 -99999.0000 -99999.0000 -99999.0000 -99999.0000 -99999.0000 -99999.0000 -99999.0000 -99999.0000 -99999.0000 -99999.0000 -99999.0000 -99999.0000 -99999.0000 312.4673 312.9661 313.3196 313.5696 313.7442 313.8683 313.9538 314.0155 314.0524 314.0835 314.1188 314.1664 314.2171 314.2807 314.3718 314.4768 314.6072 314.7596 314.9232 315.1074 315.3238 315.5476 315.7866 316.0279 316.2714 316.5310 316.7858 317.0430 317.2951 317.5284 317.7617 317.9681 318.1689 318.3677 318.5268 318.6612 318.7614 318.8112 318.8080 318.7627
-99999.0000 -99999.0000 -99999.0000 -99999.0000 -99999.0000 -99999.0000 -99999.0000 -99999.0000 -99999.0000 -99999.0000 -99999.0000 -99999.0000 -99999.0000 -99999.0000 -99999.0000 -99999.0000 -99999.0000 -99999.0000 312.5201 313.0188 313.3844 313.6675 313.8805 314.0452 314.1729 314.2842 314.3686 314.4510 314.5234 314.5932 314.6623 314.7570 314.8549 314.9662 315.0976 315.2472 315.4150 315.6000 315.7975 316.0157 316.2250 316.4334 316.6580 316.8776 317.1067 317.3261 317.5409 317.7508 317.9440 318.1286 318.3055 318.4505 318.5686 318.6514 318.6888 318.6786 318.6171
