terrainbento_nyaraska_watershed/relief__10m_gauss5_nyaraska_1.asc
NCOLS 214
NROWS 325
XLLCORNER 597190.0000000000
YLLCORNER 262350.0000000000
CELLSIZE 10.000000
NODATA_VALUE -99999.0000
[rows 260 to 285 of 325, columns 57 to 113 of 214]
-99999.0000 -99999.0000 -99999.0000 -99999.0000 -99999.0000 -99999.0000 -99999.0000 -99999.0000 -99999.0000 -99999.0000 -99999.0000 299.9447 300.4725 300.8696 301.1292 301.2307 301.1355 300.8315 300.2805 299.4219 298.2571 296.8053 295.1544 293.4016 291.6730 290.0749 288.6528 287.4246 286.3800 285.4915 284.7140 284.0127 283.3921 282.8378 282.3211 281.8695 281.5416 281.3883 281.4661 281.8349 282.4785 283.3652 284.3895 285.4560 286.4381 287.2422 287.7999 288.0807 288.0739 287.8233 287.3498 286.7073 285.9713 285.1948 284.4343 283.7586 283.2099
-99999.0000 -99999.0000 -99999.0000 -99999.0000 -99999.0000 -99999.0000 -99999.0000 -99999.0000 -99999.0000 -99999.0000 -99999.0000 -99999.0000 299.4754 300.0352 300.4633 300.7211 300.7946 300.6381 300.2216 299.4846 298.4296 297.0732 295.5071 293.8352 292.1832 290.6618 289.3330 288.1994 287.2347 286.4114 285.6711 284.9817 284.3341 283.7230 283.1576 282.6714 282.3242 282.1703 282.2750 282.6735 283.3463 284.2382 285.2800 286.3432 287.3339 288.1382 288.7151 289.0319 289.0861 288.8863 288.4734 287.8763 287.1644 286.3736 285.5806 284.8451 284.2260
-99999.0000 -99999.0000 -99999.0000 -99999.0000 -99999.0000 -99999.0000 -99999.0000 -99999.0000 -99999.0000 -99999.0000 -99999.0000 -99999.0000 -99999.0000 299.0046 299.5998 300.0374 300.2749 300.2932 300.0285 299.4449 298.5176 297.2929 295.8529 294.2854 292.7366 291.3065 290.0638 289.0055 288.1133 287.3431 286.6396 285.9567 285.3100 284.6783 284.0908 283.5844 283.2332 283.0985 283.2092 283.6082 284.2772 285.1479 286.1508 287.1819 288.1361 288.9295 289.5114 289.8648 289.9722 289.8342 289.4807 288.9394 288.2695 287.4969 286.7009 285.9352 285.2593
-99999.0000 -99999.0000 -99999.0000 -99999.0000 -99999.0000 -99999.0000 -99999.0000 -99999.0000 -99999.0000 -99999.0000 -99999.0000 -99999.0000 -99999.0000 -99999.0000 298.5198 299.1137 299.5299 299.7186 299.6183 299.2027 298.4472 297.3820 296.0895 294.6786 293.2556 291.9364 290.7792 289.8043 288.9609 288.2462 287.5741 286.9208 286.2783 285.6588 285.0788 284.5777 284.2411 284.1227 284.2262 284.6071 285.2349 286.0563 286.9936 287.9612 288.8640 289.6346 290.2169 290.5987 290.7398 290.6652 290.3735 289.9023 289.2764 288.5411 287.7639 286.9913 286.2802
-99999.0000 -99999.0000 -99999.0000 -99999.0000 -99999.0000 -99999.0000 -99999.0000 -99999.0000 -99999.0000 -99999.0000 -99999.0000 -99999.0000 -99999.0000 -99999.0000 -99999.0000 297.9413 298.5010 298.8401 298.9155 298.6818 298.1255 297.2645 296.1729 294.9444 293.6861 292.5034 291.4524 290.5428 289.7667 289.0854 288.4521 287.8320 287.2206 286.6316 286.0671 285.6126 285.3040 285.1940 285.2957 285.6446 286.2173 286.9650 287.8285 288.7242 289.5647 290.3014 290.8767 291.2740 291.4597 291.4271 291.1983 290.7842 290.2135 289.5237 288.7673 287.9987 287.2788
-99999.0000 -99999.0000 -99999.0000 -99999.0000 -99999.0000 -99999.0000 -99999.0000 -99999.0000 -99999.0000 -99999.0000 -99999.0000 -99999.0000 -99999.0000 -99999.0000 -99999.0000 -99999.0000 297.1736 297.6477 297.8886 297.8487 297.5118 296.8823 296.0300 295.0297 293.9716 292.9499 292.0161 291.2016 290.4754 289.8384 289.2510 288.6723 288.1027 287.5564 287.0534 286.6393 286.3638 286.2616 286.3610 286.6710 287.1922 287.8690 288.6483 289.4711 290.2587 290.9602 291.5366 291.9366 292.1591 292.1714 291.9949 291.6402 291.1187 290.4676 289.7527 288.9953 288.2771
-99999.0000 -99999.0000 -99999.0000 -99999.0000 -99999.0000 -99999.0000 -99999.0000 -99999.0000 -99999.0000 -99999.0000 -99999.0000 -99999.0000 -99999.0000 -99999.0000 -99999.0000 -99999.0000 -99999.0000 296.1724 296.5690 296.7269 296.6077 296.2385 295.6426 294.8910 294.0624 293.2298 292.4424 291.7265 291.0812 290.4972 289.9582 289.4256 288.9126 288.4240 287.9775 287.6039 287.3618 287.2782 287.3658 287.6521 288.1305 288.7458 289.4622 290.2353 290.9781 291.6587 292.2323 292.6447 292.8888 292.9435 292.8130 292.5083 292.0372 291.4319 290.7486 290.0127 289.2985
-99999.0000 -99999.0000 -99999.0000 -99999.0000 -99999.0000 -99999.0000 -99999.0000 -99999.0000 -99999.0000 -99999.0000 -99999.0000 -99999.0000 -99999.0000 -99999.0000 -99999.0000 -99999.0000 -99999.0000 -99999.0000 295.0085 295.3536 295.4655 295.3467 295.0200 294.5456 293.9609 293.3314 292.7096 292.1209 291.5562 291.0449 290.5598 290.0912 289.6304 289.2105 288.8146 288.4956 288.2767 288.2092 288.2928 288.5687 289.0180 289.6018 290.2837 291.0207 291.7388 292.4111 292.9758 293.4121 293.6801 293.7756 293.6880 293.4310 293.0028 292.4438 291.7936 291.0836 290.3687
-99999.0000 -99999.0000 -99999.0000 -99999.0000 -99999.0000 -99999.0000 -99999.0000 -99999.0000 -99999.0000 -99999.0000 -99999.0000 -99999.0000 -99999.0000 -99999.0000 -99999.0000 -99999.0000 -99999.0000 -99999.0000 -99999.0000 293.8430 294.1639 294.2879 294.2296 294.0128 293.6743 293.2579 292.8153 292.3528 291.8987 291.4759 291.0592 290.6614 290.2654 289.9093 289.5831 289.3056 289.1256 289.0673 289.1642 289.4470 289.8780 290.4558 291.1318 291.8523 292.5655 293.2273 293.7984 294.2486 294.5385 294.6687 294.6298 294.4165 294.0411 293.5248 292.9085 292.2267 291.5171
-99999.0000 -99999.0000 -99999.0000 -99999.0000 -99999.0000 -99999.0000 -99999.0000 -99999.0000 -99999.0000 -99999.0000 -99999.0000 -99999.0000 -99999.0000 -99999.0000 -99999.0000 -99999.0000 -99999.0000 -99999.0000 -99999.0000 -99999.0000 292.7669 293.1169 293.2936 293.3224 293.2224 293.0171 292.7544 292.4500 292.1265 291.7899 291.4650 291.1487 290.8351 290.5427 290.2763 290.0500 289.9148 289.8890 290.0125 290.2957 290.7476 291.3323 292.0046 292.7199 293.4314 294.0890 294.6552 295.1084 295.4265 295.5923 295.6043 295.4368 295.1242 294.6631 294.0890 293.4250 292.7193
-99999.0000 -99999.0000 -99999.0000 -99999.0000 -99999.0000 -99999.0000 -99999.0000 -99999.0000 -99999.0000 -99999.0000 -99999.0000 -99999.0000 -99999.0000 -99999.0000 -99999.0000 -99999.0000 -99999.0000 -99999.0000 -99999.0000 -99999.0000 -99999.0000 291.8591 292.2616 292.5081 292.6231 292.6333 292.5532 292.4100 292.2158 292.0041 291.7862 291.5534 291.3229 291.1094 290.9194 290.7596 290.6743 290.6973 290.8628 291.1855 291.6567 292.2534 292.9287 293.6394 294.3352 294.9736 295.5316 295.9867 296.3142 296.5180 296.5714 296.4695 296.2095 295.8087 295.2776 294.6463 293.9500
-99999.0000 -99999.0000 -99999.0000 -99999.0000 -99999.0000 -99999.0000 -99999.0000 -99999.0000 -99999.0000 -99999.0000 -99999.0000 -99999.0000 -99999.0000 -99999.0000 -99999.0000 -99999.0000 -99999.0000 -99999.0000 -99999.0000 -99999.0000 -99999.0000 -99999.0000 291.1091 291.5685 291.8909 292.0982 292.2088 292.2437 292.2057 292.1287 292.0214 291.8952 291.7586 291.6331 291.5211 291.4461 291.4297 291.5287 291.7443 292.1116 292.6097 293.2254 293.8948 294.5827 295.2519 295.8629 296.3849 296.8244 297.1562 297.3939 297.4887 297.4414 297.2498 296.9104 296.4336 295.8388 295.1595
-99999.0000 -99999.0000 -99999.0000 -99999.0000 -99999.0000 -99999.0000 -99999.0000 -99999.0000 -99999.0000 -99999.0000 -99999.0000 -99999.0000 -99999.0000 -99999.0000 -99999.0000 -99999.0000 -99999.0000 -99999.0000 -99999.0000 -99999.0000 -99999.0000 -99999.0000 -99999.0000 290.5059 291.0259 291.4400 291.7516 291.9637 292.0954 292.1618 292.1864 292.1718 292.1396 292.1073 292.0926 292.1136 292.1957 292.3771 292.6668 293.0908 293.6196 294.2362 294.8904 295.5406 296.1641 296.7179 297.2020 297.6154 297.9382 298.1870 298.3204 298.3224 298.1938 297.9137 297.4877 296.9415 296.2992
-99999.0000 -99999.0000 -99999.0000 -99999.0000 -99999.0000 -99999.0000 -99999.0000 -99999.0000 -99999.0000 -99999.0000 -99999.0000 -99999.0000 -99999.0000 -99999.0000 -99999.0000 -99999.0000 -99999.0000 -99999.0000 -99999.0000 -99999.0000 -99999.0000 -99999.0000 -99999.0000 -99999.0000 290.0508 290.6665 291.1774 291.5855 291.8922 292.1175 292.2809 292.3858 292.4658 292.5348 292.6423 292.7611 292.9549 293.2386 293.6223 294.0998 294.6532 295.2653 295.8886 296.4909 297.0486 297.5370 297.9641 298.3408 298.6552 298.9039 299.0589 299.1026 299.0226 298.7993 298.4276 297.9304 297.3265
-99999.0000 -99999.0000 -99999.0000 -99999.0000 -99999.0000 -99999.0000 -99999.0000 -99999.0000 -99999.0000 -99999.0000 -99999.0000 -99999.0000 -99999.0000 -99999.0000 -99999.0000 -99999.0000 -99999.0000 -99999.0000 -99999.0000 -99999.0000 -99999.0000 -99999.0000 -99999.0000 -99999.0000 -99999.0000 -99999.0000 290.4953 291.1025 291.5894 291.9755 292.2817 292.5132 292.7109 292.9014 293.1121 293.3656 293.6831 294.0847 294.5529 295.0868 295.6736 296.2737 296.8597 297.4040 297.8877 298.3216 298.6888 299.0142 299.3017 299.5468 299.7104 299.7851 299.7371 299.5625 299.2372 298.7818 298.2292
-99999.0000 -99999.0000 -99999.0000 -99999.0000 -99999.0000 -99999.0000 -99999.0000 -99999.0000 -99999.0000 -99999.0000 -99999.0000 -99999.0000 -99999.0000 -99999.0000 -99999.0000 -99999.0000 -99999.0000 -99999.0000 -99999.0000 -99999.0000 -99999.0000 -99999.0000 -99999.0000 -99999.0000 -99999.0000 -99999.0000 -99999.0000 290.4933 291.1658 291.7205 292.1731 292.5387 292.8601 293.1735 293.5139 293.8977 294.3409 294.8621 295.4238 296.0251 296.6334 297.2177 297.7667 298.2570 298.6717 299.0409 299.3559 299.6488 299.9120 300.1360 300.3017 300.3850 300.3676 300.2170 299.9265 299.5204 299.0237
-99999.0000 -99999.0000 -99999.0000 -99999.0000 -99999.0000 -99999.0000 -99999.0000 -99999.0000 -99999.0000 -99999.0000 -99999.0000 -99999.0000 -99999.0000 -99999.0000 -99999.0000 -99999.0000 -99999.0000 -99999.0000 -99999.0000 -99999.0000 -99999.0000 -99999.0000 -99999.0000 -99999.0000 -99999.0000 -99999.0000 -99999.0000 -99999.0000 290.5953 291.3213 291.9286 292.4363 292.8921 293.3336 293.8070 294.3242 294.8977 295.5314 296.1835 296.8448 297.4810 298.0672 298.5832 299.0268 299.3966 299.7153 299.9904 300.2454 300.4820 300.7029 300.8564 300.9419 300.9326 300.8027 300.5452 300.1767 299.7417
-99999.0000 -99999.0000 -99999.0000 -99999.0000 -99999.0000 -99999.0000 -99999.0000 -99999.0000 -99999.0000 -99999.0000 -99999.0000 -99999.0000 -99999.0000 -99999.0000 -99999.0000 -99999.0000 -99999.0000 -99999.0000 -99999.0000 -99999.0000 -99999.0000 -99999.0000 -99999.0000 -99999.0000 -99999.0000 -99999.0000 -99999.0000 -99999.0000 -99999.0000 290.7615 291.5287 292.1847 292.7834 293.3604 293.9727 294.6161 295.3213 296.0634 296.8055 297.5165 298.1877 298.7834 299.2868 299.7050 300.0487 300.3432 300.5968 300.8306 301.0522 301.2502 301.4023 301.4907 301.4827 301.3592 301.1272 300.8079 300.4284
-99999.0000 -99999.0000 -99999.0000 -99999.0000 -99999.0000 -99999.0000 -99999.0000 -99999.0000 -99999.0000 -99999.0000 -99999.0000 -99999.0000 -99999.0000 -99999.0000 -99999.0000 -99999.0000 -99999.0000 -99999.0000 -99999.0000 -99999.0000 -99999.0000 -99999.0000 -99999.0000 -99999.0000 -99999.0000 -99999.0000 -99999.0000 -99999.0000 -99999.0000 -99999.0000 290.9439 291.7597 292.5102 293.2374 293.9787 294.7595 295.5761 296.4222 297.2512 298.0339 298.7368 299.3486 299.8618 300.2880 300.6233 300.9046 301.1540 301.3927 301.6066 301.7953 301.9355 302.0202 302.0092 301.9044 301.7007 301.4228 301.1073
-99999.0000 -99999.0000 -99999.0000 -99999.0000 -99999.0000 -99999.0000 -99999.0000 -99999.0000 -99999.0000 -99999.0000 -99999.0000 -99999.0000 -99999.0000 -99999.0000 -99999.0000 -99999.0000 -99999.0000 -99999.0000 -99999.0000 -99999.0000 -99999.0000 -99999.0000 -99999.0000 -99999.0000 -99999.0000 -99999.0000 -99999.0000 -99999.0000 -99999.0000 -99999.0000 -99999.0000 -99999.0000 292.0871 292.9690 293.8466 294.7557 295.6841 296.6258 297.5298 298.3711 299.1260 299.7755 300.3074 300.7431 301.1033 301.4117 301.6713 301.9151 302.1284 302.3201 302.4691 302.5469 302.5485 302.4591 302.2901 302.0525 301.7907
-99999.0000 -99999.0000 -99999.0000 -99999.0000 -99999.0000 -99999.0000 -99999.0000 -99999.0000 -99999.0000 -99999.0000 -99999.0000 -99999.0000 -99999.0000 -99999.0000 -99999.0000 -99999.0000 -99999.0000 -99999.0000 -99999.0000 -99999.0000 -99999.0000 -99999.0000 -99999.0000 -99999.0000 -99999.0000 -99999.0000 -99999.0000 -99999.0000 -99999.0000 -99999.0000 -99999.0000 -99999.0000 -99999.0000 -99999.0000 293.5726 294.5978 295.6375 296.6715 297.6617 298.5689 299.3615 300.0527 300.6256 301.0998 301.4919 301.8217 302.1113 302.3868 302.6139 302.8174 302.9608 303.0512 303.0720 303.0084 302.8672 302.6829 302.4735
-99999.0000 -99999.0000 -99999.0000 -99999.0000 -99999.0000 -99999.0000 -99999.0000 -99999.0000 -99999.0000 -99999.0000 -99999.0000 -99999.0000 -99999.0000 -99999.0000 -99999.0000 -99999.0000 -99999.0000 -99999.0000 -99999.0000 -99999.0000 -99999.0000 -99999.0000 -99999.0000 -99999.0000 -99999.0000 -99999.0000 -99999.0000 -99999.0000 -99999.0000 -99999.0000 -99999.0000 -99999.0000 -99999.0000 -99999.0000 -99999.0000 294.3142 295.4516 296.5690 297.6293 298.6016 299.4539 300.1948 300.8059 301.3213 301.7670 302.1390 302.4738 302.7800 303.0356 303.2612 303.4213 303.5308 303.5761 303.5449 303.4587 303.3211 303.1698
-99999.0000 -99999.0000 -99999.0000 -99999.0000 -99999.0000 -99999.0000 -99999.0000 -99999.0000 -99999.0000 -99999.0000 -99999.0000 -99999.0000 -99999.0000 -99999.0000 -99999.0000 -99999.0000 -99999.0000 -99999.0000 -99999.0000 -99999.0000 -99999.0000 -99999.0000 -99999.0000 -99999.0000 -99999.0000 -99999.0000 -99999.0000 -99999.0000 -99999.0000 -99999.0000 -99999.0000 -99999.0000 -99999.0000 -99999.0000 -99999.0000 -99999.0000 -99999.0000 296.3427 297.4724 298.5045 299.4075 300.1991 300.8603 301.4271 301.9118 302.3445 302.7343 303.0834 303.3744 303.6301 303.8246 303.9690 304.0438 304.0593 304.0168 303.9355 303.8323
-99999.0000 -99999.0000 -99999.0000 -99999.0000 -99999.0000 -99999.0000 -99999.0000 -99999.0000 -99999.0000 -99999.0000 -99999.0000 -99999.0000 -99999.0000 -99999.0000 -99999.0000 -99999.0000 -99999.0000 -99999.0000 -99999.0000 -99999.0000 -99999.0000 -99999.0000 -99999.0000 -99999.0000 -99999.0000 -99999.0000 -99999.0000 -99999.0000 -99999.0000 -99999.0000 -99999.0000 -99999.0000 -99999.0000 -99999.0000 -99999.0000 -99999.0000 -99999.0000 -99999.0000 -99999.0000 298.2916 299.2504 300.0864 300.7924 301.4135 301.9562 302.4481 302.8925 303.2932 303.6476 303.9423 304.1755 304.3616 304.4802 304.5480 304.5555 304.5284 304.4814
-99999.0000 -99999.0000 -99999.0000 -99999.0000 -99999.0000 -99999.0000 -99999.0000 -99999.0000 -99999.0000 -99999.0000 -99999.0000 -99999.0000 -99999.0000 -99999.0000 -99999.0000 -99999.0000 -99999.0000 -99999.0000 -99999.0000 -99999.0000 -99999.0000 -99999.0000 -99999.0000 -99999.0000 -99999.0000 -99999.0000 -99999.0000 -99999.0000 -99999.0000 -99999.0000 -99999.0000 -99999.0000 -99999.0000 -99999.0000 -99999.0000 -99999.0000 -99999.0000 -99999.0000 -99999.0000 -99999.0000 -99999.0000 299.8659 300.6295 301.2985 301.8954 302.4501 302.9564 303.4207 303.8224 304.1732 304.4635 304.7008 304.8758 304.9972 305.0553 305.0883 305.0956
-99999.0000 -99999.0000 -99999.0000 -99999.0000 -99999.0000 -99999.0000 -99999.0000 -99999.0000 -99999.0000 -99999.0000 -99999.0000 -99999.0000 -99999.0000 -99999.0000 -99999.0000 -99999.0000 -99999.0000 -99999.0000 -99999.0000 -99999.0000 -99999.0000 -99999.0000 -99999.0000 -99999.0000 -99999.0000 -99999.0000 -99999.0000 -99999.0000 -99999.0000 -99999.0000 -99999.0000 -99999.0000 -99999.0000 -99999.0000 -99999.0000 -99999.0000 -99999.0000 -99999.0000 -99999.0000 -99999.0000 -99999.0000 -99999.0000 -99999.0000 301.0923 301.7461 302.3559 302.9264 303.4554 303.9300 304.3437 304.6939 304.9915 305.2254 305.3994 305.5229 305.6112 305.6598
